TRANS

0: 1
1: 0
2: 0
3: 0
4: 0
5: 1
6: 0
7: 0
8: 0
9: 0
10: 1
11: 0
12: -2
13: 1.5499334330771837
14: 0
15: 1


SCALE

 0.0005828306279338247
1: 0
2: 0
3: 0
4: 0
5: 0.03029294200442033
6: 0
7: 0
8: 0
9: 0
10: 1
11: 0
12: 0
13: 0
14: 0
15: 1



<canvas width="1683" height="750" style="position: absolute; top: 0px; left: 0px; width: 1295px; height: 577px;"></canvas>


YPOS
SignalDrawerRotating.js?07ca:129 95
SignalDrawerRotating.js?07ca:130 AMPLIT
SignalDrawerRotating.js?07ca:131 1
SignalDrawerRotating.js?07ca:132 CHARTH
SignalDrawerRotating.js?07ca:133 70
SignalDrawerRotating.js?07ca:134 DISR
SignalDrawerRotating.js?07ca:135 200




TR: 3, 0, 0, 0, 0, 3, 0, 0, 0, 0, -1, 0, -1, -1, -1, 2

SC: 1.000583011598792, 0, 0, 0, 0, 1, 0, 0, 0, 0, 2, 0, 0, 0, 0, 2



0, 3.187119960784912, 0, 1, 3.2112631797790527, 0, 2, 3.2352797985076904, 0, 3, 3.2591686248779297, 0, 4, 3.282928705215454, 0, 5, 3.3065593242645264, 0, 6, 3.330059289932251, 0, 7, 3.3534278869628906, 0, 8, 3.37666392326355, 0, 9, 3.3997669219970703, 0, 10, 3.4227354526519775, 0, 11, 3.4455690383911133, 0, 12, 3.468266487121582, 0, 13, 3.4908270835876465, 0, 14, 3.5132498741149902, 0, 15, 3.535533905029297, 0, 16, 3.557678461074829, 0, 17, 3.5796823501586914, 0, 18, 3.6015450954437256, 0, 19, 3.6232657432556152, 0, 20, 3.644843101501465, 0, 21, 3.666276693344116, 0, 22, 3.687565565109253, 0, 23, 3.7087087631225586, 0, 24, 3.729705810546875, 0, 25, 3.7505552768707275, 0, 26, 3.771256923675537, 0, 27, 3.791809558868408, 0, 28, 3.8122124671936035, 0, 29, 3.8324649333953857, 0, 30, 3.8525662422180176, 0, 31, 3.8725152015686035, 0, 32, 3.8923115730285645, 0, 33


DRAW 0 1600


TR 1, 0, 0, 0, 0, 1, 0, 0, 0, 0, 1, 0, 0, 1.5688775375950883, 0, 1]

SC: 0.0005828306279338247, 0, 0, 0, 0, 0.02901785804648444, 0, 0, 0, 0, 1, 0, 0, 0, 0, 1

DATA [3.187119960784912, 3.2112631797790527, 3.2352797985076904, 3.2591686248779297, 3.282928705215454, 3.3065593242645264, 3.330059289932251, 3.3534278869628906, 3.37666392326355, 3.3997669219970703, 3.4227354526519775, 3.4455690383911133, 3.468266487121582, 3.4908270835876465, 3.5132498741149902, 3.535533905029297, 3.557678461074829, 3.5796823501586914, 3.6015450954437256, 3.6232657432556152, 3.644843101501465, 3.666276693344116, 3.687565565109253, 3.7087087631225586, 3.729705810546875, 3.7505552768707275, 3.771256923675537, 3.791809558868408, 3.8122124671936035, 3.8324649333953857, 3.8525662422180176, 3.8725152015686035, 3.8923115730285645, 3.911954164505005, 3.9314422607421875, 3.950775146484375, 3.96995210647583, 3.9889721870422363, 4.0078349113464355, 4.026539325714111, 4.0450849533081055, 4.063470840454102, 4.081696033477783, 4.09976053237915, 4.1176629066467285, 4.135402679443359, 4.152979373931885, 4.170392036437988, 4.187640190124512, 4.204722881317139


BUF 1, 3.2112631797790527, 0, 2, 3.2352797985076904, 0, 3, 3.2591686248779297, 0, 4, 3.282928705215454, 0, 5, 3.3065593242645264, 0, 6, 3.330059289932251, 0, 7, 3.3534278869628906, 0, 8, 3.37666392326355, 0, 9, 3.3997669219970703, 0, 10, 3.4227354526519775, 0, 11, 3.4455690383911133, 0, 12, 3.468266487121582, 0, 13, 3.4908270835876465, 0, 14, 3.5132498741149902, 0, 15, 3.535533905029297, 0, 16, 3.557678461074829, 0, 17, 3.5796823501586914, 0


PROJ: 2, 0, 0, 0, 0, 2, 0, 0, 0, 0, -2, 0, -1, -1, -1, 1

MODEL: 1, 0, 0, 0, 0, 1, 0, 0, 0, 0, 1, 0, 0, 0, 0, 1